total Test Time 145.011024952
total msg 1000
minTime 0.000183820724487 maxTime 2.73732995987 avgTime 0.145008532524
0.00439405441284
0.146732807159
0.101569890976
0.10621380806
0.101734876633
0.105555057526
0.101677179337
0.102546930313
0.102131843567
0.1012840271
0.101634025574
0.101642847061
0.102314949036
0.101613044739
0.10481595993
0.102807044983
0.101831912994
0.200742006302
0.941160917282
0.707766056061
0.145598888397
0.062077999115
0.000205039978027
0.000205039978027
0.000200986862183
0.0772669315338
0.0285761356354
0.202771902084
0.201184034348
0.066703081131
0.000231981277466
0.383603811264
0.140153884888
0.528336048126
0.419924020767
0.718639135361
0.459873199463
0.251230955124
0.158774852753
0.253664016724
0.714905023575
0.00294589996338
0.149235010147
0.565631151199
0.0996239185333
0.156004905701
0.153625965118
0.0946078300476
0.484455823898
0.0338339805603
0.3614320755
0.0465350151062
1.43565297127
0.203999042511
0.0138149261475
0.409967899323
0.190250873566
0.0037829875946
0.00603795051575
0.188376903534
0.411507844925
0.203739881516
0.232184886932
0.0766830444336
0.512037992477
0.845371007919
0.027067899704
0.0462799072266
0.517738103867
0.818196058273
0.510504007339
0.825172901154
0.0350151062012
0.194828987122
0.79510307312
0.0431518554688
0.0580978393555
0.861409902573
0.107586860657
0.382956981659
0.61637711525
0.050549030304
0.0266380310059
0.0174028873444
0.000192880630493
0.348718881607
0.287964820862
0.204936981201
0.0340511798859
0.17102098465
0.482290029526
0.476677179337
0.0802829265594
1.08687186241
0.592714071274
0.0411059856415
0.000255823135376
0.118714094162
0.08624792099
0.101395845413
0.502328872681
0.0094211101532
0.918570995331
0.660925149918
0.454071044922
0.327169179916
0.292978048325
0.136974811554
0.0493659973145
0.00394606590271
0.107973814011
0.232211828232
0.600651025772
0.493509054184
0.101578950882
0.205589056015
0.358158111572
0.0427188873291
0.121260166168
0.497713088989
0.29732298851
0.000537872314453
0.000288009643555
0.577053070068
0.462445020676
0.000980854034424
0.00523686408997
0.308189868927
0.822871923447
0.608681917191
0.0216629505157
0.285312175751
0.485532999039
0.127388000488
0.105790138245
0.0384950637817
0.266178131104
0.0831761360168
0.000962018966675
0.0012309551239
0.00432014465332
0.0122599601746
0.000231981277466
0.516221046448
0.539576053619
0.393301963806
0.0564668178558
0.203465938568
0.319950819016
0.100081920624
0.909865856171
1.20015096664
0.0741989612579
0.168752908707
0.126690864563
0.310122013092
0.025897026062
0.297768115997
0.00120520591736
0.0183639526367
0.166873931885
0.246603965759
0.583377122879
0.455588102341
0.307611942291
0.0397980213165
0.28809595108
0.00887298583984
0.0830140113831
0.327006816864
1.07229304314
0.38765501976
0.236508846283
0.333983898163
0.283667802811
0.12936091423
0.202037811279
0.71617102623
0.448787212372
0.000988960266113
0.0651478767395
0.0394229888916
0.269102096558
0.920690059662
0.756730079651
0.0473918914795
0.00196886062622
0.00699687004089
0.00397920608521
0.100733995438
0.725264787674
0.233368873596
0.58696103096
0.000619173049927
0.000202178955078
0.000205993652344
0.000205039978027
0.000205039978027
0.119181871414
0.0200278759003
0.000218868255615
0.000203847885132
0.165595054626
0.94597697258
0.28980588913
0.318181037903
0.294114112854
0.225869178772
0.159945964813
0.682999849319
0.164402961731
0.101798057556
0.490709781647
0.11011505127
0.358906030655
0.824248075485
0.437322854996
0.0010678768158
0.142030000687
0.00743699073792
0.0328578948975
0.0120358467102
0.00928092002869
0.0184051990509
0.00851392745972
0.0169470310211
0.0093080997467
0.00581312179565
0.000197887420654
0.000190019607544
0.00364804267883
0.00619602203369
0.0147998332977
0.00129890441895
0.00124788284302
0.00471687316895
0.00280499458313
0.0213239192963
0.0020489692688
0.0172970294952
0.00342798233032
0.00019907951355
0.000185012817383
0.000191211700439
0.00118589401245
0.00199389457703
0.0140459537506
0.00757002830505
0.00652122497559
0.000201940536499
0.00019097328186
0.00283002853394
0.0062530040741
0.00305581092834
0.0109899044037
0.0045599937439
0.0107860565186
0.000201940536499
0.00019097328186
0.00214099884033
0.0109570026398
0.0115361213684
0.00178408622742
0.00984191894531
0.000198841094971
0.000454902648926
0.00677490234375
0.00506520271301
0.00200200080872
0.000751972198486
0.00551891326904
0.00581097602844
0.0232889652252
0.00701689720154
0.00350785255432
0.00154781341553
0.00945496559143
0.0117728710175
0.000200033187866
0.000186920166016
0.000193119049072
0.000194072723389
0.0110139846802
0.00848293304443
0.00307512283325
0.0170781612396
0.00298810005188
0.000204086303711
0.000200986862183
0.00131607055664
0.00300407409668
0.381469964981
0.078192949295
0.006502866745
0.000259876251221
0.936199903488
0.102966785431
0.0622918605804
0.347555875778
0.0965859889984
0.125756978989
0.287096977234
1.43715405464
0.00626492500305
0.0380580425262
0.0231049060822
0.0314981937408
0.000190019607544
0.000187158584595
0.00269889831543
0.00552010536194
0.00300598144531
0.00504517555237
0.0280299186707
0.0139989852905
0.00019907951355
0.000194072723389
0.00769996643066
0.0159640312195
0.0186619758606
0.00315499305725
0.0413529872894
0.00204706192017
0.0140318870544
0.000196218490601
0.000185012817383
0.0116791725159
0.0342280864716
0.0439009666443
0.00204706192017
0.00701498985291
0.00400614738464
0.0100300312042
0.0200951099396
0.0543119907379
0.0308218002319
0.0131280422211
0.00019097328186
0.000187158584595
0.0155620574951
0.00549602508545
0.00019383430481
0.000183820724487
0.00123405456543
0.000186920166016
0.10265994072
0.0909969806671
0.000203847885132
0.000185012817383
0.112581968307
0.00397300720215
0.000198125839233
0.000185012817383
0.283205032349
0.0226328372955
0.197288990021
0.000262022018433
0.0254588127136
0.0914089679718
0.10503411293
0.20098400116
0.000259876251221
0.00476217269897
0.000251054763794
0.0239491462708
0.000246047973633
0.929356098175
0.0647020339966
0.142107009888
0.672950029373
0.205724954605
0.494458913803
0.283792972565
0.260015964508
1.11564517021
0.124407052994
0.149913072586
0.190785884857
0.260185003281
0.0746788978577
0.0296700000763
0.203717947006
0.853848934174
0.780426979065
0.204336166382
0.242305040359
0.145441055298
0.000236988067627
0.000217914581299
0.00148487091064
0.00025200843811
0.000777006149292
0.859924077988
0.100124835968
0.00564193725586
0.116945028305
0.528939962387
0.262807130814
0.217517137527
1.02429699898
0.822103977203
0.146283149719
0.575424909592
0.254429101944
0.0473880767822
0.252772808075
0.0500020980835
0.42507314682
0.204312086105
0.311372041702
0.0976440906525
1.02676892281
0.0145409107208
0.00205111503601
0.0181181430817
0.0399949550629
0.000943899154663
0.226655006409
0.669373035431
0.131105899811
0.00175905227661
0.219578027725
0.462885141373
0.121670007706
0.000231981277466
0.000205993652344
0.26250910759
0.900149106979
0.617340087891
0.513754844666
0.0789268016815
0.0247619152069
0.0313670635223
0.00022292137146
0.000205993652344
0.813230037689
0.0972130298615
0.0577070713043
0.00422406196594
0.000221967697144
0.000211000442505
0.123325109482
0.217123985291
1.43992996216
0.100157976151
0.63992190361
0.896469116211
0.146609067917
0.0590770244598
0.000209808349609
0.00019097328186
0.0405311584473
0.336809873581
0.029876947403
0.130378007889
0.0421469211578
0.242244005203
0.140550136566
0.668148994446
0.436650037766
0.0100429058075
0.000203847885132
0.000209808349609
0.177717924118
0.101950883865
0.0499188899994
0.0600090026855
0.399708986282
0.447736024857
0.267144918442
0.101710796356
0.0537359714508
0.747151136398
0.220880031586
0.412610054016
0.208522081375
0.208121061325
0.208305835724
0.0775480270386
0.00500702857971
0.221843957901
0.310045003891
0.799983024597
0.0599570274353
0.599966049194
0.121386051178
0.000322818756104
0.00042986869812
0.000258922576904
0.000280141830444
0.000286102294922
0.786759138107
0.0663678646088
0.05206990242
0.111751079559
0.0902280807495
0.0895719528198
0.00314283370972
0.722254037857
0.512437105179
0.229536056519
0.183527946472
0.862452983856
0.88648891449
0.610967874527
0.042653799057
0.0600779056549
0.305739879608
0.000895023345947
0.712461948395
0.447536945343
0.570292949677
0.0277659893036
0.000231981277466
0.427057027817
0.0384209156036
1.00047397614
1.47855210304
0.0119559764862
0.207324981689
0.44460105896
0.160420179367
0.38284611702
0.860058069229
0.198263168335
0.0723259449005
0.00203490257263
2.73732995987
0.410235881805
0.00271987915039
0.000515937805176
0.127169847488
0.112331867218
0.5259578228
0.275394916534
0.635635137558
0.082503080368
0.00964498519897
0.0199549198151
0.0191481113434
0.0211000442505
0.0250549316406
0.0340061187744
0.00199913978577
0.000187873840332
0.0500390529633
0.000190019607544
0.0468370914459
0.0190470218658
0.000211000442505
0.000186920166016
0.000185966491699
0.00342297554016
0.000191926956177
0.000185012817383
0.000186204910278
0.000186920166016
0.00224685668945
0.00501203536987
0.000186920166016
0.020959854126
0.000196933746338
0.0939681529999
0.0031111240387
0.000653028488159
0.000967979431152
0.00450205802917
0.000210046768188
0.00246596336365
0.000208854675293
0.000196933746338
0.00305509567261
0.000202178955078
0.00110292434692
0.000914812088013
0.000212907791138
0.000204801559448
0.000205039978027
0.00406217575073
0.000210046768188
0.000198125839233
0.000247001647949
0.00205492973328
0.00256991386414
0.0011248588562
0.00371479988098
0.00250887870789
0.00229597091675
0.00273704528809
0.00146698951721
0.00248289108276
0.00324583053589
0.00451803207397
0.000581979751587
0.00338697433472
0.00216293334961
0.000434875488281
0.00297093391418
0.00430917739868
0.00316905975342
0.000391960144043
0.000833034515381
0.00290489196777
0.00407195091248
0.000207185745239
0.000936985015869
0.0010838508606
0.0030529499054
0.00256896018982
0.000201225280762
0.00296497344971
0.000208854675293
0.000196933746338
0.000203132629395
0.000200033187866
0.00605010986328
0.00145411491394
0.000196933746338
0.000201940536499
0.000198841094971
0.00262784957886
0.000833034515381
0.00354290008545
0.000205993652344
0.00102305412292
0.00108313560486
0.0028030872345
0.00275015830994
0.000477075576782
0.00175499916077
0.00279998779297
0.00223302841187
0.000200986862183
0.00547790527344
0.000580787658691
0.00338697433472
0.00241708755493
0.000203132629395
0.00270104408264
0.000209093093872
0.000196933746338
0.000205039978027
0.00155806541443
0.000207901000977
0.000195980072021
0.000202894210815
0.00019907951355
0.00286889076233
0.000496864318848
0.00514698028564
0.00215005874634
0.000201940536499
0.00338196754456
0.000748872756958
0.00372385978699
0.00139379501343
0.000201940536499
0.0022931098938
0.000581026077271
0.00422596931458
0.00174593925476
0.00282192230225
0.000207901000977
0.000197172164917
0.000202894210815
0.00476503372192
0.00265908241272
0.000209093093872
0.000198125839233
0.000205039978027
0.00105690956116
0.000747919082642
0.00221419334412
0.00266909599304
0.000200986862183
0.00186514854431
0.000210046768188
0.000198125839233
0.000205039978027
0.000199794769287
0.000768899917603
0.000746965408325
0.00196313858032
0.00200796127319
0.000200986862183
0.000515937805176
0.000747919082642
0.00280117988586
0.000198125839233
0.000205993652344
0.00282216072083
0.000833034515381
0.00279998779297
0.000200033187866
0.000205039978027
0.00323915481567
0.000209093093872
0.000196933746338
0.000205039978027
0.00591897964478
0.00239515304565
0.00105404853821
0.00266313552856
0.00426697731018
0.000208854675293
0.000406980514526
0.00215005874634
0.000200986862183
0.00237894058228
0.000412225723267
0.00248312950134
0.000200986862183
0.000205993652344
0.000201940536499
0.00122618675232
0.000885963439941
0.00282692909241
0.000498056411743
0.00377011299133
0.000358104705811
0.000202178955078
0.00119400024414
0.00317811965942
0.00246810913086
0.00224709510803
0.000203132629395
0.00186491012573
0.00306582450867
0.000969886779785
0.00333189964294
0.00485396385193
0.000663995742798
0.0023820400238
0.00273680686951
0.000201940536499
0.00354886054993
0.00041389465332
0.00389218330383
0.00206398963928
0.000198841094971
0.000453948974609
0.000580072402954
0.00355505943298
0.00249814987183
0.000208139419556
0.00119090080261
0.000207901000977
0.000827789306641
0.0047619342804
0.000201940536499
0.00220012664795
0.000664949417114
0.00497794151306
0.0013279914856
0.0019838809967
0.00109100341797
0.00208806991577
0.000209093093872
0.000195026397705
0.000701904296875
0.000221014022827
0.00293588638306
0.000497102737427
0.00405716896057
0.00019907951355
0.000205039978027
0.00324320793152
0.00348401069641
0.00113701820374
0.00433588027954
0.000663995742798
0.00271701812744
0.00199699401855
0.000201940536499
0.00370907783508
0.000669956207275
0.00574588775635
0.0041868686676
0.000198841094971
0.0248010158539
0.00819301605225
0.0222351551056
0.857547044754
0.0439200401306
0.000217914581299
0.000188827514648
0.000205993652344
0.000205039978027
0.000209093093872
0.555129051208
0.044529914856
0.000219106674194
0.000205993652344
1.88355302811
2.60030508041
0.378043889999
0.0433549880981
0.000255823135376
0.0963490009308
0.322050094604
0.000247001647949
1.56557393074
0.372143030167
1.73205399513
0.0109961032867
0.000787973403931
0.0147519111633
0.000204801559448
0.000186920166016
0.00795984268188
0.0162208080292
0.000197887420654
0.000187158584595
0.00337195396423
0.000748872756958
0.000191926956177
0.00767397880554
0.000195026397705
0.00648498535156
0.00401496887207
0.00202012062073
0.000195980072021
0.00806021690369
0.0115349292755
0.00329184532166
0.0188729763031
0.000195980072021
0.00347399711609
0.0225720405579
0.00347304344177
0.00288414955139
0.000195026397705
0.00197219848633
0.00200200080872
0.000191211700439
0.000186920166016
0.000195026397705
0.000427007675171
0.00124716758728
0.000194072723389
0.00691795349121
0.000195980072021
0.000715970993042
0.0464057922363
0.00379204750061
0.00108909606934
0.000196933746338
0.00144004821777
0.00300288200378
0.00019383430481
0.000185012817383
0.0076470375061
0.00425910949707
0.000192165374756
0.00290393829346
0.000190019607544
0.024806022644
0.00425910949707
0.00379300117493
0.0146069526672
0.000194072723389
0.0165209770203
0.00601696968079
0.00128602981567
0.000196933746338
0.000188112258911
0.000330924987793
0.000197887420654
0.000185966491699
0.000192165374756
0.00493502616882
0.000196933746338
0.000185012817383
0.000192165374756
0.00118708610535
0.00801396369934
0.012286901474
0.00404405593872
0.0136079788208
0.00421690940857
0.000802040100098
0.00675296783447
0.000669956207275
0.00852298736572
0.00329279899597
0.00557398796082
0.000197172164917
0.00598406791687
0.00576400756836
0.0135490894318
0.00275301933289
0.000191926956177
0.000186204910278
0.00113797187805
0.00349807739258
0.00526189804077
0.00304007530212
0.000194072723389
0.000189065933228
0.0216600894928
0.000221014022827
0.000185012817383
0.000191926956177
0.000192880630493
0.0142509937286
0.00275301933289
0.0168471336365
0.00205302238464
0.000200033187866
0.0019679069519
0.00125193595886
0.00529503822327
0.0311658382416
0.000196933746338
0.00196814537048
0.00225305557251
0.000195026397705
0.000186204910278
0.00464701652527
0.00801205635071
0.000200033187866
0.000185966491699
0.0112340450287
0.000193119049072
0.000718116760254
0.00125098228455
0.00232887268066
0.0152308940887
0.00476217269897
0.000193119049072
0.000195026397705
0.00137805938721
0.0283601284027
0.00278902053833
0.000540018081665
0.156285047531
0.860549211502
0.525794029236
0.0239958763123
0.000255107879639
0.000244140625
0.083428144455
1.49766492844
0.00299096107483
0.000245094299316
0.000218152999878
0.00399208068848
0.00022292137146
0.000190019607544
0.000439167022705
2.05741095543
0.0297389030457
0.526684045792
0.466136932373
0.280081033707
0.759922981262
1.03917002678
2.18432188034
0.00648307800293
0.000200986862183
0.000214099884033
0.5348072052
0.516872882843
0.000961065292358
0.00106191635132
0.455816984177
1.96030712128
0.0457890033722
0.0262160301208
0.658220052719
0.000378847122192
0.000288963317871
0.00117611885071
0.000262975692749
0.70787191391
0.550810098648
0.00244498252869
0.00020694732666
0.000211000442505
0.17048406601
0.684651136398
0.000250101089478
0.00019097328186
1.03102493286
1.01959896088
0.0248730182648
0.000233888626099
0.00297498703003
0.000219106674194
0.000760078430176
0.000223159790039
0.0402579307556
1.03689002991
0.0401589870453
0.0197720527649
0.179490089417
0.0138349533081
0.000253915786743
0.000241994857788
0.484650850296
