total Test Time 111.725139141
total msg 1000
minTime 0.000157833099365 maxTime 5.074477911 avgTime 0.11080100131
0.145791053772
0.171305894852
0.168145895004
0.0728938579559
0.110133171082
0.0155777931213
0.00295805931091
0.268550872803
0.000247001647949
0.161588907242
0.0803990364075
0.00573897361755
0.163404941559
0.164767026901
0.0254080295563
0.0598797798157
0.3243060112
0.213996171951
0.0839490890503
0.000200033187866
0.00019097328186
0.21968793869
0.00312900543213
0.270668029785
0.000211000442505
0.0481600761414
0.321162939072
0.0996840000153
0.00316286087036
0.0561468601227
0.000190019607544
0.071722984314
0.283272981644
0.468872785568
0.251394987106
0.129799127579
0.235011100769
0.00783014297485
0.00019097328186
0.000184059143066
0.000186920166016
0.000185012817383
0.000185012817383
0.00018310546875
0.195935964584
0.0121710300446
0.158955097198
0.00894713401794
0.1621530056
0.00325298309326
0.577662944794
0.507463932037
0.0435218811035
0.205864191055
0.0100350379944
0.0934009552002
0.44646692276
0.179703950882
0.433781147003
0.106509208679
0.609830141068
0.000247001647949
0.140057086945
0.0200190544128
0.267432928085
0.179100036621
0.00303912162781
0.264580965042
0.000208139419556
0.000185966491699
0.000185012817383
0.0272200107574
0.375432014465
0.28994512558
0.104415178299
0.00324010848999
0.255964040756
0.206395149231
0.0336570739746
0.00794792175293
0.000189065933228
0.000186920166016
0.000187873840332
0.000187873840332
0.000186920166016
0.000184059143066
0.0172080993652
0.30170416832
0.919317960739
0.00896000862122
0.581195116043
0.019082069397
0.00997304916382
0.00499105453491
0.764783859253
0.270355939865
0.00144386291504
0.0081889629364
0.0399339199066
0.150187015533
0.000200986862183
0.000187873840332
0.000185012817383
0.000185012817383
0.0690100193024
0.234437942505
0.000194072723389
0.205842018127
0.00769400596619
0.299090147018
0.0324599742889
0.380635023117
0.00848889350891
0.0634138584137
0.000197887420654
0.000185012817383
0.559987068176
0.104393005371
0.02303814888
0.104296922684
0.0892090797424
0.00019097328186
0.000185966491699
0.00606298446655
0.00998902320862
0.430123090744
0.112309217453
0.187726974487
0.292761087418
0.104331970215
0.313839912415
0.000197887420654
0.000185966491699
0.0451171398163
0.266427993774
0.146987199783
0.335163116455
0.187536001205
0.168021917343
0.299184083939
0.289345026016
0.251579999924
0.0922060012817
0.170685052872
0.0261781215668
0.000195026397705
0.000184059143066
0.00019907951355
0.000190019607544
0.616925001144
0.0687408447266
0.026270866394
0.000216007232666
0.0827550888062
0.037003993988
0.0879380702972
0.176150083542
0.0369930267334
0.0108468532562
0.0537459850311
0.00296306610107
0.000203132629395
0.000509023666382
0.110597133636
0.552107095718
0.0559811592102
0.39120388031
0.0114109516144
0.102869033813
0.231369018555
0.0233249664307
0.063985824585
0.10387802124
0.000201940536499
0.000185012817383
0.0572988986969
0.237038850784
0.159045934677
0.284198045731
0.174264907837
0.449664831161
0.137284994125
0.0387279987335
0.10557103157
0.000209093093872
0.000187158584595
0.000184059143066
0.000199794769287
0.000190019607544
0.0650091171265
0.000193119049072
0.0346450805664
0.213330030441
0.143419981003
0.000211000442505
0.000205993652344
0.0638608932495
0.0875730514526
0.000198841094971
0.000185966491699
0.121684074402
0.103829145432
0.109667062759
0.752867937088
0.168048143387
0.000269174575806
0.000226020812988
0.000211000442505
0.223138809204
0.344063043594
0.365906000137
0.171023845673
0.000666856765747
0.0023980140686
0.140239953995
0.0238788127899
0.0610070228577
0.000189065933228
0.000184059143066
0.0720839500427
0.0260140895844
0.000194072723389
0.000185012817383
0.0559530258179
0.0319950580597
0.000196933746338
0.000185012817383
0.0781629085541
0.247891902924
0.00797700881958
0.048054933548
0.000188112258911
0.0029399394989
0.1261241436
0.0420958995819
0.115292072296
0.105215072632
0.155601978302
0.147121191025
0.104918956757
0.0917949676514
0.0126931667328
0.00516796112061
0.000185966491699
0.0498239994049
0.0521810054779
0.0478360652924
0.000327110290527
0.000186920166016
0.0595128536224
0.108083963394
0.224997997284
0.0870349407196
0.0767750740051
0.20561003685
0.00565385818481
0.134907007217
0.117321968079
0.0796167850494
0.0202009677887
0.255123138428
0.136940956116
0.00797700881958
0.102797985077
0.0610749721527
0.295690059662
0.0205678939819
0.000211000442505
0.000187158584595
0.000200033187866
0.0225188732147
0.00542187690735
0.0076379776001
0.00430512428284
0.000189065933228
0.00018310546875
0.0522091388702
0.00801014900208
0.000239133834839
0.091912984848
0.116859912872
0.0398831367493
0.0959939956665
0.0674362182617
0.0046980381012
0.0234370231628
0.000235080718994
0.0243017673492
0.0800259113312
0.487830877304
0.136169910431
0.103927850723
0.0175318717957
0.0464890003204
0.246662855148
0.233826875687
0.194030046463
0.00593900680542
0.00348901748657
0.000192880630493
0.000185012817383
0.000184059143066
0.000184059143066
0.000188112258911
0.240914106369
0.0183210372925
0.0079710483551
0.0755641460419
0.115747928619
0.000674962997437
0.00019097328186
0.00018310546875
0.10586309433
0.000212907791138
0.0200839042664
0.398238182068
0.00401210784912
0.000185012817383
0.186475038528
0.365202903748
0.156715154648
0.000205039978027
0.0749931335449
0.0170030593872
0.0709760189056
0.000201940536499
0.000185966491699
0.000184059143066
0.0307760238647
0.411086082458
0.103619098663
0.00603199005127
0.232162952423
0.00682616233826
0.0571970939636
0.000190019607544
0.104904174805
0.00770306587219
0.72793507576
0.132169961929
0.284219026566
0.030867099762
0.126957178116
0.0130620002747
0.0362119674683
0.135846853256
0.373448848724
0.346779108047
0.000217914581299
0.000191926956177
0.00739121437073
0.104135036469
0.0417950153351
0.529755115509
0.00390720367432
0.0987479686737
0.000195980072021
0.410193920135
0.0660128593445
0.18306684494
0.256880044937
0.00021505355835
0.115475893021
0.304483890533
0.00322484970093
0.126847028732
0.000200986862183
0.000172853469849
0.000169992446899
0.000169038772583
0.000169992446899
0.00017786026001
0.000167846679688
0.000167846679688
0.000169038772583
0.000169992446899
0.000169038772583
0.000168085098267
0.000169038772583
0.000168800354004
0.000168085098267
0.000168085098267
0.000168085098267
0.000169038772583
0.000168085098267
0.000169992446899
0.000169992446899
0.000169038772583
0.000168085098267
0.000169992446899
0.000172138214111
0.000169992446899
0.000166893005371
0.00016713142395
0.000169992446899
0.000167846679688
0.000167846679688
0.000169038772583
0.000192880630493
0.0712239742279
0.102668046951
0.102255821228
0.10235285759
0.10172700882
0.10147690773
0.102020025253
0.10213804245
0.10226392746
0.102411031723
0.10216999054
0.10279917717
0.102144002914
0.106157064438
0.0997459888458
0.101754903793
0.10231089592
0.102118015289
0.101716995239
0.101953983307
0.101737976074
0.102137804031
0.102403879166
0.107973814011
0.0959851741791
0.10216999054
0.101644992828
0.101816892624
0.102096796036
0.101809024811
0.102097988129
0.10320520401
0.101670026779
0.103847980499
0.101274013519
0.102205991745
0.102374792099
0.103921890259
0.113699913025
0.101777076721
0.101722002029
0.103178977966
0.102758169174
0.103559970856
0.103534221649
0.102874994278
0.107200145721
0.0999140739441
0.105828046799
0.101670026779
0.105414867401
0.102670192719
0.100986003876
0.102249860764
0.11568903923
0.0996568202972
0.104161024094
0.103152036667
0.118601083755
0.121662139893
0.0878410339355
0.206317186356
0.264117002487
0.0651090145111
0.291867017746
0.324876070023
0.331171035767
0.162149906158
0.407565116882
0.0402488708496
0.360392093658
0.416478157043
0.207034111023
0.0986640453339
0.124417066574
0.181585073471
0.00025486946106
0.307476997375
1.1353700161
0.308747053146
0.724117994308
1.14227890968
0.0882158279419
0.144963026047
0.56675696373
0.260251045227
0.900916099548
0.0674741268158
0.098788022995
0.992721796036
0.567076921463
1.35347485542
0.346488952637
0.168070077896
0.284963130951
0.532983064651
0.0657930374146
0.000208854675293
0.000186920166016
0.127336978912
0.901023864746
0.200229883194
0.678560018539
0.669447898865
0.0372049808502
0.200012207031
0.216880083084
0.280059099197
0.509983062744
0.0845339298248
1.1276268959
0.700815916061
0.677006959915
0.485990047455
0.247085809708
0.209964990616
0.0002281665802
0.000201940536499
0.270617961884
1.069024086
0.259782075882
0.207019090652
0.513373851776
0.000262022018433
0.104975938797
0.031418800354
0.000205039978027
0.000200986862183
0.0943918228149
0.0767438411713
0.207587957382
0.0439109802246
0.405869007111
0.100133180618
0.100107908249
0.700772047043
0.182125091553
0.111165046692
0.908136129379
0.134271144867
0.31738615036
0.649662971497
0.337298870087
0.164194822311
0.000211954116821
0.000188112258911
0.111086130142
0.000252962112427
0.363991975784
0.453129053116
0.639983177185
0.0869331359863
0.120022058487
0.319952011108
0.206025838852
0.177229881287
0.219228029251
0.00400996208191
0.000216007232666
0.000200033187866
0.256151914597
0.000224828720093
0.000186920166016
0.143523931503
0.438318967819
0.137747049332
0.0246019363403
0.000202894210815
0.102113962173
0.0545411109924
0.935520172119
0.204610109329
0.0383970737457
0.483273029327
0.826411008835
0.0402700901031
0.000204086303711
0.0656049251556
0.000200986862183
0.000200033187866
0.000181913375854
0.0608208179474
0.000211000442505
0.000185966491699
0.0990550518036
0.221800088882
0.712038993835
0.302936077118
0.0040078163147
0.000213861465454
0.00286602973938
0.000205993652344
0.000198125839233
0.10130405426
0.854250192642
0.310034036636
0.166452169418
0.243525981903
0.0999848842621
0.472904205322
0.0594410896301
0.272192955017
0.0282061100006
0.180688142776
0.353567123413
0.45444393158
0.817601919174
0.0959169864655
0.213866949081
0.0864679813385
0.321417093277
0.0994551181793
0.243765115738
0.166970014572
0.763076066971
0.199602842331
0.169987916946
0.000228881835938
0.000201940536499
0.000197172164917
0.446497917175
0.664237976074
0.0290348529816
0.000211954116821
0.000185966491699
0.606495857239
0.25000500679
0.226627111435
0.309208154678
0.307517051697
0.136658906937
0.829988002777
0.388808012009
0.205263853073
0.242015838623
1.22243595123
0.7799680233
0.800796985626
0.000695943832397
1.08631515503
0.620108127594
0.0366251468658
0.409996986389
0.000260829925537
0.000189065933228
0.000197887420654
1.40762782097
0.718241930008
1.57349801064
5.074477911
3.13245391846
0.000257015228271
0.000172138214111
0.000169038772583
0.000168085098267
0.000169038772583
0.000168085098267
0.000167846679688
0.000166893005371
0.00016713142395
0.00016713142395
0.000168085098267
0.00016713142395
0.000168085098267
0.000168085098267
0.000166893005371
0.000169038772583
0.000167846679688
0.000166893005371
0.000173091888428
0.000168085098267
0.000182867050171
0.000165939331055
0.00016713142395
0.00016713142395
0.000168085098267
0.000166893005371
0.000168085098267
0.000166893005371
0.000166893005371
0.000167846679688
0.000168085098267
0.00016713142395
0.000169038772583
0.000166177749634
0.000168085098267
0.000168085098267
0.00016713142395
0.000171899795532
0.000166893005371
0.000166893005371
0.000168085098267
0.00016713142395
0.000168085098267
0.00016713142395
0.00016713142395
0.000166893005371
0.000166893005371
0.000166893005371
0.00016713142395
0.000168085098267
0.00016713142395
0.00016713142395
0.000168085098267
0.000165939331055
0.000167846679688
0.000166893005371
0.000169992446899
0.0201830863953
0.00016188621521
0.000159978866577
0.000160932540894
0.000159978866577
0.000159978866577
0.000158786773682
0.000159025192261
0.000159025192261
0.000159978866577
0.000159025192261
0.000159978866577
0.000159025192261
0.000159025192261
0.000159025192261
0.000159978866577
0.000159978866577
0.000159978866577
0.000164031982422
0.000159025192261
0.000159025192261
0.000159025192261
0.000159978866577
0.000159025192261
0.000159978866577
0.000160217285156
0.00016188621521
0.000159978866577
0.000159025192261
0.000159978866577
0.000159025192261
0.000159978866577
0.000159978866577
0.000159025192261
0.000159978866577
0.000159978866577
0.000159978866577
0.000162839889526
0.000159978866577
0.000158071517944
0.000159025192261
0.000159978866577
0.000159025192261
0.000160217285156
0.000159025192261
0.000159025192261
0.000159025192261
0.000159025192261
0.000159978866577
0.000158786773682
0.000160932540894
0.000160217285156
0.000160932540894
0.000159978866577
0.000159978866577
0.000158786773682
0.000163078308105
0.000159025192261
0.000159025192261
0.000159025192261
0.000157833099365
0.00019097328186
0.000169038772583
0.000166893005371
0.00016713142395
0.000168085098267
0.000168085098267
0.000168085098267
0.00016713142395
0.00016713142395
0.000168085098267
0.000168085098267
0.000168085098267
0.00016713142395
0.000165939331055
0.000171899795532
0.00016713142395
0.00016713142395
0.00016713142395
0.000166893005371
0.000166893005371
0.000167846679688
0.000167846679688
0.000166893005371
0.000166893005371
0.00016713142395
0.000168085098267
0.000168085098267
0.000169992446899
0.000168085098267
0.000167846679688
0.000166893005371
0.000168085098267
0.000168085098267
0.000169992446899
0.000167846679688
0.000165939331055
0.000166893005371
0.000168085098267
0.000166177749634
0.000166893005371
0.000166893005371
0.000167846679688
0.000166893005371
0.000165939331055
0.00016713142395
0.00016713142395
0.000168085098267
0.00016713142395
0.000165939331055
0.000166893005371
0.000168800354004
0.000168085098267
0.000170946121216
0.000166177749634
0.000165939331055
0.000167846679688
0.000166893005371
0.00016713142395
0.00016713142395
0.0202159881592
0.000165939331055
0.000161170959473
0.000159978866577
0.000160932540894
0.000159978866577
0.000159025192261
0.000159025192261
0.000159978866577
0.000159025192261
0.000159978866577
0.000158786773682
0.000165939331055
0.000159025192261
0.000158786773682
0.000159025192261
0.000159025192261
0.000159025192261
0.000159978866577
0.000159978866577
0.000159978866577
0.000159025192261
0.000159025192261
0.000159978866577
0.000159025192261
0.000159025192261
0.000159978866577
0.000159025192261
0.000161170959473
0.000160932540894
0.000171899795532
0.000164985656738
0.000159025192261
0.000158071517944
0.000159978866577
0.000159025192261
0.000159025192261
0.000159025192261
0.000158786773682
0.000159978866577
0.000159025192261
0.000159978866577
0.000159025192261
0.000159978866577
0.000159025192261
0.000160932540894
0.000159025192261
0.000159978866577
0.000163078308105
0.000160932540894
0.000160932540894
0.000159025192261
0.000157833099365
0.000159978866577
0.000158071517944
0.000159025192261
0.000158786773682
0.000159025192261
0.000159025192261
0.000159978866577
0.000159978866577
0.000194072723389
0.000169992446899
0.000169038772583
0.000168085098267
0.000168085098267
0.000166893005371
0.000167846679688
0.000167846679688
0.000171899795532
0.000166893005371
0.000165939331055
0.000165939331055
0.000164985656738
0.00016713142395
0.00016713142395
0.00016713142395
0.000165939331055
0.000166893005371
0.000167846679688
0.000167846679688
0.000166893005371
0.000166893005371
0.000166893005371
0.00016713142395
0.000168085098267
0.000168085098267
0.000168085098267
0.000173091888428
0.00016713142395
0.000165939331055
0.000166893005371
0.000169992446899
0.00016713142395
0.000165939331055
0.000167846679688
0.000166893005371
0.000168085098267
0.00016713142395
0.000168085098267
0.000168085098267
0.000168085098267
0.000168085098267
0.000168085098267
0.000168085098267
0.000169038772583
0.000167846679688
0.000171899795532
0.000166177749634
0.000166893005371
0.000167846679688
0.000166893005371
0.000167846679688
0.000167846679688
0.000165939331055
0.000168085098267
0.000166177749634
0.000168085098267
0.00016713142395
0.000166893005371
0.0201759338379
0.000176906585693
0.000162124633789
0.000159025192261
0.000160932540894
0.000161170959473
0.000164985656738
0.000159025192261
0.000159025192261
0.000159978866577
0.000159978866577
0.000159025192261
0.000159025192261
0.000160217285156
0.000159978866577
0.000159978866577
0.000159978866577
0.000159025192261
0.000160217285156
0.000159978866577
0.000159978866577
0.000159978866577
0.000159978866577
0.000159978866577
0.000159025192261
0.000164985656738
0.000159978866577
0.000158786773682
0.000159025192261
0.000158071517944
0.000159978866577
0.000159978866577
0.000159025192261
0.000160217285156
0.000163078308105
0.000160932540894
0.000159978866577
0.000159978866577
0.000160932540894
0.000159025192261
0.000159978866577
0.000159978866577
0.000160217285156
0.000160932540894
0.000159978866577
0.000164031982422
0.000158786773682
0.000159025192261
0.000159978866577
0.000158786773682
0.000159978866577
0.000160932540894
0.000160932540894
